module C_LUT // #(.data_size(xx)) 
(
  input   [5:0]   step_counter,
  output  [15:0]  wave
);
always @(step_counter)
begin
  case(step_counter)
-287
-775
-452
-278
-577
-885
-568
-73
-214
95
-293
-360
-195
-226
125
119
6
134
217
381
641
549
632
522
565
82
0
552
601
418
302
589
876
784
980
2124
1361
2661
1779
9814
29514
22894
5353
5988
11679
16479
17392
10110
5325
4660
6183
15851
19000
7660
-12628
-23123
-15747
-10931
-15045
-21442
-24084
-25912
-24048
-15613
-13394
-26932
-41861
-37732
-22882
-12427
-11569
-14438
-11716
-6104
-3046
-1178
1462
-2173
-6497
211
9122
15082
16547
13086
10739
7620
5579
6168
4596
-183
-3284
-1520
1007
546
-3882
-3589
4657
4431
2777
9500
1215
-5075
8487
7275
2390
10626
9302
11810
20099
14722
9198
9161
4742
-2368
-5301
-3284
-1724
-3494
-4663
-4126
-3723
-8163
-11798
-12744
-21625
-16623
-6427
-7736
-21
1022
-4352
1788
1938
-3973
192
821
-702
7831
10773
11108
15521
9769
1767
2383
-1053
-1736
3830
-839
-3522
3842
3442
-818
-3757
-13275
-12906
-4697
-8942
-7544
-1169
-1108
2615
-4129
-8521
1456
1648
-4068
-134
9064
11261
11578
10077
9039
9937
4282
3467
8270
7574
5515
12665
15100
9976
7999
1959
-342
-1965
-2484
3210
3119
7977
10419
1425
6262
7816
-5649
-2570
-281
-6113
3897
9332
6656
8438
7596
2167
1624
4706
-1938
1089
6018
497
12485
16089
876
4575
4211
-8377
85
-1694
-11450
2811
2490
-6525
-1184
-4855
-9940
-8508
-14313
-15250
-4630
-7162
-9766
43
-2979
-6012
-3610
-9100
-7458
2292
-1984
-5746
6613
10022
3058
-809
201
-2225
-4468
397
229
-1321
1010
2121
6345
5347
-9909
-10767
-748
-3540
-4700
-1727
854
3949
3528
2933
3168
-1431
-4834
4700
22986
25256
14554
14975
19687
20193
17990
12616
7382
9183
16299
23547
26202
20227
11374
7889
3665
-6943
-9607
-5768
-7101
-9293
-5466
-1913
-4047
-10605
-16745
-17499
-18658
-16513
-9143
-2921
485
3302
4797
2005
-2509
-2890
-165
2554
5112
5307
8331
11151
9497
3885
-2957
-11542
-17081
-14575
-13376
-12619
-14786
-20059
-25333
-25500
-28195
-33041
-34357
-37808
-28629
-17499
-13947
-11646
-9781
-10648
-11600
-4669
3351
9317
14774
23206
32864
40588
46811
50580
41327
30548
29788
34097
40045
32849
27676
24783
20993
17953
6622
-6302
-20358
-25772
-26883
-28680
-30035
-29837
-27625
-35611
-42496
-36020
-30933
-36142
-39978
-33060
-20459
-11041
-4608
-2084
31
-1328
-1956
8112
9445
3531
2722
4550
7510
6427
-1108
-6543
-8337
-13882
-17447
-17490
-21979
-27902
-27493
-29086
-32300
-32446
-34473
-30762
-23483
-21371
-19266
-13400
-5399
-1501
-2649
-638
7944
18134
21857
24536
31967
39716
41238
36777
32764
35632
37845
33109
34457
38461
54156
65536
45633
26672
35837
45493
35712
16641
4703
22278
33829
23627
19159
14563
6104
-5551
-11899
-17581
-17535
-17603
-24609
-25037
-24203
-18518
-14056
-27512
-46771
-45184
-29239
-20450
-22476
-26544
-23495
-12686
-9866
-15417
-16904
-20236
-20535
-18564
-15738
-12491
-12830
-16385
-20911
-23624
-24188
-22162
-23541
-25653
-28070
-24957
-19128
-21600
-25156
-27121
-26544
-19977
-12256
-7681
-4132
-781
6479
10248
7913
9717
14865
20215
25107
30392
34811
39151
42334
39053
33170
30920
31320
31705
28629
27289
33136
34195
27124
22537
20636
13205
10165
15417
14026
11276
24274
29620
16718
14069
20126
25546
16891
5157
13681
27173
26822
16321
17181
16830
6998
757
-7669
-11200
-12607
-18860
-19247
-15567
-20874
-31418
-33884
-37119
-41617
-43744
-44534
-34912
-29056
-40692
-40839
-23950
-25116
-35168
-35168
-24585
-11951
-10654
-14084
-5344
7321
-1178
-5316
1068
-2948
-4889
2560
8871
8926
6586
7922
15262
12573
4440
1523
7303
12473
13025
16037
15390
17355
12115
10825
16193
14554
13828
14340
17844
23566
31781
30246
24295
19229
20270
25562
22171
24164
21304
16101
21619
30573
26947
16925
5258
687
14923
8673
-5164
-9036
-5084
-2280
-8133
-12296
-22968
-24997
-25854
-28076
-25977
-26416
-28619
-22437
-22467
-25128
-18262
-18188
-16470
-21127
-10907
-8795
-8249
9555
18231
22388
4477
1199
24829
33020
10446
13477
19601
11130
33997
56720
65454
41656
21942
25067
42172
47131
34219
39203
39401
31125
43710
65536
48169
31052
1984
-14545
15878
17844
9042
1089
-7443
-14966
-14017
-13864
-27310
-46613
-60974
-53424
-35864
-18713
-12592
-17798
-29755
-35040
-30115
-17761
-18185
-25687
-24619
-15207
6339
8456
174
-7571
-14871
-17377
-14871
-14011
-15076
-13965
-22592
-24277
-17038
-16873
-27634
-28381
-25864
-29468
-18561
-8215
-9720
-13733
-17648
-11990
3113
4565
-2026
5768
21918
20328
11282
7785
9222
18451
13425
12662
22260
20432
23813
28278
17517
4651
4666
9647
4266
4837
11377
10071
13507
9863
1965
4059
1450
-4871
-1251
1462
-458
3333
6805
1212
-8292
-11975
-11667
-9036
-16980
-19699
-8939
-12592
-20767
-22556
-22781
-29352
-33197
-25735
-24710
-26572
-27374
-27487
-20398
-30331
-42523
-27460
-13489
-12781
-12552
-8395
-2945
-4703
-9491
-5435
-6943
-17560
-13303
-485
6009
7407
1779
-3336
-8817
-16016
-19321
-21127
-11700
-13498
-22531
-9097
1233
-3973
-17865
-23917
-17166
-11084
-7211
223
7477
9985
13647
19193
24130
19043
14804
18323
26724
30505
24680
27600
31076
26834
21506
22742
23325
23901
19928
8224
15701
21628
9702
-2203
-7144
345
7697
1254
-3339
1959
6357
3967
-2664
-3638
-1813
-839
-1123
949
9512
11545
4886
5002
7681
3708
-256
-3131
-3427
-2509
1505
5646
1807
-10794
-17804
-8191
-6662
-15698
-23026
-25085
-21744
-21896
-22165
-16058
-9079
-13580
-23422
-21466
-3354
6503
-6906
-20142
-11557
8527
10229
1715
5090
12933
12411
9436
13782
13098
8176
8063
7541
6500
8798
17062
16037
1694
-5682
-1395
2524
-2530
-1691
3516
5392
8221
4343
2768
6613
6229
815
73
8875
17712
15863
11377
13824
6723
3320
10986
12033
5554
-2795
3644
15857
13004
-2151
-10049
-6525
-9790
-15073
-10355
-2652
-2850
-12692
-18088
-6369
-1517
-12503
-17258
-14169
-7797
-1239
4590
2597
-5624
-10349
-9677
-2551
58
-4181
-1425
7867
7733
1718
-1910
-2029
-5774
-12061
-8438
-1678
1575
-571
2090
-4047
-14215
-8521
-2740
-2637
-8069
1904
13562
12439
6015
732
8881
5429
-1654
5029
13559
18622
24121
25073
22742
15558
4358
4559
2792
3412
8060
13489
15540
9424
4703
220
-3336
-11780
-12350
-5344
-52
5069
7162
2887
-1340
1071
-5856
-11505
-10519
-7635
18
7651
8783
6802
7013
1248
-1120
-5212
-8591
-937
5789
7602
4321
388
-1968
-1321
-4498
-8624
-3998
1920
4385
3137
3525
1620
-3568
-10443
-15225
-6046
-388
-491
2319
2667
1413
-2484
-4184
-4565
-7379
-12314
-3656
11301
10452
1620
-1749
2869
-119
-5078
-4190
-1358
-1254
2271
11423
10373
1767
-6329
-3635
433
3387
2145
842
7001
4178
421
1233
3677
-452
1077
6760
10754
13596
5685
2542
-3607
-6122
-1581
4214
3653
-2805
2597
6842
8063
2200
-8447
-12262
-5463
1169
3506
6415
4672
9915
9909
9
-3925
-1501
-641
-2615
415
5682
12207
13885
3210
-9027
-9055
-7352
-11713
-16391
-17764
-11478
-7632
-7492
-8002
-10184
-9528
-11124
-13373
-12622
-9595
-5899
-6534
-949
10776
9955
4828
7581
10712
11517
9497
7846
7416
7025
10797
14032
12930
8557
6107
3238
-1755
-1062
488
-2310
-5991
-4681
-1514
308
2686
540
-6372
-8353
-5710
-2667
2594
3879
2634
2328
5750
9509
8255
7562
6262
6293
5063
4163
10031
10510
1599
439
5176
5896
5579
3113
131
-5652
-7303
-5078
-6848
-7626
-7025
-2966
-1770
-5701
-5862
-1614
-629
-2435
-3012
-5276
-3986
-52
2563
5740
3098
-2667
1178
8829
7709
1492
49
269
-1935
995
5502
4739
-2292
-10089
-8609
-4117
-1987
-4236
-8591
-8801
-6665
-1013
961
-204
-2502
-8521
-10501
-6992
-1013
1672
2939
4138
8374
11896
10815
9296
4221
1999
1553
6204
10257
8301
6863
3851
4181
2307
-2341
-3754
-3537
-7358
-11026
-11365
-10001
-8105
-10974
-11252
-8496
-5661
-6781
-8292
-5966
-1215
1382
-1315
800
3931
8200
11441
12885
12363
7355
5984
6174
5737
4349
4156
3854
961
-4346
-7413
-6662
-8298
-14044
-18655
-16049
-11383
-5341
-4254
-9454
-12189
-12912
-11371
-9726
-8240
-3586
2762
6009
9146
10049
5063
1584
2576
2081
269
6403
14502
13443
7108
2670
1889
2094
-3278
-9506
-7632
-2551
513
1645
1544
125
-3012
-8295
-10330
-8813
-7233
-2231
3595
3583
528
1370
2982
2325
-342
504
6223
9912
9390
5051
4129
3970
-1047
-1575
3323
3070
-421
1151
4190
1999
-3024
-5820
-7294
-6042
-3290
-1062
1959
3876
4172
2713
1859
4605
4639
229
1035
6641
12903
13791
8810
5835
5518
8490
7309
4614
3375
34
919
406
-2136
-4895
-6030
-1743
870
226
-906
-4349
-9979
-12656
-13535
-13348
-10733
-1904
6934
3381
110
4367
8682
2451
-7422
-1199
9763
7037
2948
12753
18604
13940
7864
3836
1285
-6113
-4965
4703
6226
659
-2298
2298
4181
-8542
-18591
-10223
-1334
-4947
-12958
-8743
-1987
-6583
-6418
995
-110
-6192
-2551
1361
-1953
-4883
-1758
4895
7678
4855
2939
9244
11624
7367
3333
3677
6177
1453
470
4773
6183
3653
1736
903
-5350
-6970
-5167
-9958
-16153
-17038
-11157
-4013
-2011
-8969
-14313
-11499
-12274
-12631
-11060
-9747
-2682
3989
6049
4025
5862
7693
2997
-168
-2585
4034
7166
-2762
-5911
-1431
7709
6522
-7712
-14835
-12582
-13684
-21616
-21848
-18130
-14142
-6937
-2240
-4199
-11618
-13980
-12677
-8408
-3540
1929
9454
11908
14560
16821
18042
18021
13513
9735
8331
7242
8893
11176
8572
6802
7382
5359
-2682
-13535
-19760
-20062
-16122
-10104
-10980
-17789
-15979
-10022
-9467
-15454
-14087
-6033
-4501
-1270
2112
4221
3287
4773
10367
14499
17856
13797
10837
10275
8347
6009
7623
9918
1273
-7806
-4541
4376
-2689
-14990
-15024
-11633
-11359
-16965
-18423
-13553
-9891
-8371
-8017
-5447
-3918
-5569
-3833
1883
8115
9610
12021
21524
21658
10519
8606
18304
19833
16232
13922
12009
15436
14392
8499
443
467
2011
-9784
-15488
-11444
-8118
-8490
-10394
-12283
-15460
-21582
-24384
-21973
-22916
-19678
-13245
-7230
-2036
-2405
-2390
-1608
-1389
-4230
-7864
-2536
5496
10397
13208
15234
16403
13925
11246
6287
620
-638
760
5377
11392
9882
4660
2869
-4431
-9177
-7953
-10815
-15927
-14731
-5075
5151
9509
5746
6091
3079
-6174
-6573
-1755
1801
6546
17035
18570
15103
13327
13257
13547
5927
7047
10760
7953
6342
6177
6039
6226
4462
-525
-1550
-3937
-3308
-1901
-7193
-8441
-5432
351
4367
-3171
-12793
-7162
2975
4010
-198
-3293
-4074
-9164
-11496
-3778
6436
10681
7761
3732
681
-2866
-6085
-7739
-8865
-8939
-3076
4550
3745
-2396
-7773
-7474
-6076
-13080
-17642
-14670
-12381
-12958
-9729
-2936
671
522
-4999
-5237
-1639
-9
9616
19763
21350
18134
19162
20929
18320
17728
21033
26788
25574
15891
12231
15448
10028
2713
412
-3711
-4919
-4327
-977
665
-4324
-8746
-11563
-14395
-17551
-19754
-13708
-1810
797
2063
2600
-443
-244
-2191
-1682
-3152
-4404
21
8722
14719
11926
11627
7260
1114
-4718
-8472
-4037
-3528
-4138
1019
8893
8783
2646
-4813
-12735
-15482
-14270
-12225
-12286
-7654
-3809
-2252
1389
421
-1865
-983
299
-2930
-3345
2173
15756
27106
23447
19608
15015
10550
12564
13034
12149
11661
12015
17694
21130
16660
10297
3577
1288
397
-558
2594
4630
7440
11545
14203
18399
18689
13852
12173
11362
14868
25082
30774
27475
17993
9589
10379
13773
4800
-9811
-14575
-10999
-6970
-9354
-21664
-31500
-30444
-33197
-42078
-41940
-34674
-31253
-30557
-31708
-27130
-17633
-18323
-22968
-23535
-18408
-6586
3308
3241
-287
-1324
235
5847
3061
-6088
-6653
-3320
-5441
-10004
-7993
-3348
-4105
-9717
-15042
-14319
-10529
-9616
-12088
-12854
-9708
-7370
-3323
-1566
412
9161
13562
14780
11670
7584
12006
16724
18372
19659
21884
22470
19083
14734
11276
7520
5045
1419
-3058
-3378
-2628
-2368
-4272
-6961
-11411
-17328
-20029
-20129
-18274
-16757
-12799
-7950
-7025
-7617
-7031
-4895
-2762
-2466
-2597
668
1660
-461
598
964
-2011
-5130
-7236
-7944
-7739
-8463
-9427
-9567
-10312
-12436
-13034
-12613
-12799
-12283
-10696
-7767
-5771
-4791
-3326
-705
2274
3561
5453
7327
8353
10638
12238
14178
16071
15970
14740
12231
11713
10358
8145
7272
6067
7288
8093
9503
10718
8456
5411
3647
2756
696
79
1007
3983
7648
11417
14841
13715
11169
9525
9512
10385
11380
11249
11307
13013
13287
13907
13132
10406
7040
2930
854
1151
1114
195
195
-1099
-2295
-3433
-5502
-6970
-10501
-11642
-10684
-10925
-8325
-5103
-2664
-934
-95
-510
-2597
-2875
-2240
-1868
-1288
906
4129
5865
7239
7065
5811
4398
2737
1828
2029
3183
5069
7251
7889
7626
6290
3836
989
-1443
-2304
-882
2676
4807
6213
6302
4877
5469
5142
3815
4187
4095
4025
6778
9717
10889
10922
9961
9543
8395
6766
6754
6155
4703
4306
4141
3256
2444
1447
513
696
-919
-3079
-3284
-4431
-5475
-5618
-4538
-3049
-3174
-3546
-4941
-5566
-5856
-7101
-7187
-7132
-6027
-4904
-4080
-3226
-3473
-3922
-5084
-5759
-5875
-5353
-4428
-3726
-2670
-2313
-2444
-3186
-4108
-4166
-3143
-1846
-299
928
1196
1581

